nums<-c(23,54,12,91,7,4)
pares<-]
impares<-nums[]